0 0 0
0 0 1
0 0 2
0 0 3
0 0 4
150 0 5
180 0 6
120 0 7
0 0 8
0 0 9
0 0 10
0 1 0
300 1 1
480 1 2
130 1 3
210 1 4
600 1 5
120 1 6
230 1 7
200 1 8
0 1 9
0 1 10
80 2 0
200 2 1
340 2 2
400 2 3
500 2 4
650 2 5
500 2 6
320 2 7
480 2 8
0 2 9
0 2 10
100 3 0
220 3 1
600 3 2
300 3 3
630 3 4
550 3 5
350 3 6
400 3 7
500 3 8
90 3 9
0 3 10
70 4 0
210 4 1
520 4 2
450 4 3
550 4 4
650 4 5
480 4 6
380 4 7
210 4 8
380 4 9
0 4 10
0 5 0
0 5 1
310 5 2
400 5 3
530 5 4
480 5 5
180 5 6
220 5 7
470 5 8
220 5 9
180 5 10
0 6 0
0 6 1
130 6 2
380 6 3
300 6 4
520 6 5
220 6 6
370 6 7
230 6 8
130 6 9
70 6 10
0 7 0
0 7 1
0 7 2
210 7 3
180 7 4
520 7 5
150 7 6
180 7 7
80 7 8
100 7 9
70 7 10
0 8 0
0 8 1
0 8 2
0 8 3
50 8 4
110 8 5
90 8 6
40 8 7
30 8 8
80 8 9
40 8 10
0 9 0
0 9 1
0 9 2
0 9 3
60 9 4
100 9 5
20 9 6
50 9 7
50 9 8
65 9 9
0 9 10
0 10 0
0 10 1
0 10 2
0 10 3
0 10 4
0 10 5
15 10 6
50 10 7
50 10 8
45 10 9
0 10 10
0 11 0
0 11 1
0 11 2
0 11 3
0 11 4
0 11 5
0 11 6
50 11 7
50 11 8
20 11 9
0 11 10
0 12 0
0 12 1
0 12 2
0 12 3
0 12 4
0 12 5
0 12 6
0 12 7
75 12 8
20 12 9
0 12 10